1 41  
1 42  
1 43  

2 40  
2 44  

3 39  
3 42  
3 46  
3 48  

4 38  
4 40  
4 41  
4 44  
4 45  
4 46  
4 48  
4 49  

5 38  
5 42  
5 43  

6 39  
6 40  
6 41  
6 44  
6 45  
6 46  
6 48  
6 49  

7 43  
7 48  
7 49  

8 41  
8 45  
8 46  
8 48  
8 49  
8 50  
8 51  
8 52  
8 59  

9 38  
9 42  
9 47  
9 52  
9 53  
9 58  
9 59  
9 60  

10 38  
10 41  
10 42  
10 56  

11 35  
11 36  
11 40  
11 44  
11 55  
11 57  

12 34  
12 36  
12 38  
12 41  
12 42  
12 43  
12 44  
12 45  
12 56  
12 60  

13 33  
13 38  
13 39  
13 40  
13 41  
13 56  
13 57  
13 60  
13 61  
13 64  
13 65  

14 34  
14 37  
14 39  
14 52  
14 53  
14 55  
14 57  
14 58  
14 59  
14 62  

15 34  
15 37  
15 39  
15 40  
15 51  
15 53  
15 55  
15 60  
15 62  
15 64  
15 65  

16 33  
16 35  
16 36  
16 37  
16 39  
16 41  
16 51  
16 53  
16 57  
16 58  
16 60  
16 62  

17 34  
17 39  
17 41  
17 42  
17 43  
17 44  
17 45  
17 51  
17 53  
17 54  
17 55  
17 60  
17 62  
17 64  
17 65  

18 35  
18 37  
18 45  
18 46  
18 47  
18 51  
18 57  
18 59  
18 60  

19 37  
19 39  
19 41  
19 43  
19 45  
19 49  
19 51  
19 53  
19 55  
19 59  
19 61  
19 62  
19 64  
19 65  

20 38  
20 39  
20 41  
20 43  
20 44  
20 52  
20 53  
20 61  
20 62  
20 64  
20 65  

11 30  
11 31  
11 35  
11 37  
11 38  
11 39  
11 40  
11 41  
11 42  
11 45  
11 47  
11 50  
11 51  
11 53  
11 57  
11 60  
11 61  
11 63  
11 65  
11 67  
11 68  
11 69  
11 70  
11 71  
11 73  
11 76  
11 77  

12 18  
12 24  
12 25  
12 29  
12 35  
12 37  
12 42  
12 44  
12 45  
12 47  
12 49  
12 51  
12 53  
12 54  
12 56  
12 58  
12 61  
12 63  
12 65  
12 67  
12 71  
12 75  
12 77  

13 18  
13 19  
13 20  
13 21  
13 22  
13 23  
13 25  
13 32  
13 33  
13 35  
13 37  
13 38  
13 43  
13 45  
13 49  
13 51  
13 56  
13 58  
13 60  
13 63  
13 65  
13 66  
13 67  
13 68  
13 70  
13 73  

14 23  
14 24  
14 25  
14 27  
14 29  
14 33  
14 35  
14 37  
14 47  
14 49  
14 51  
14 53  
14 54  
14 55  
14 56  
14 60  
14 70  
14 71  
14 72  
14 73  
14 74  
14 75  

15 20  
15 21  
15 22  
15 23  
15 27  
15 29  
15 30  
15 32  
15 33  
15 35  
15 37  
15 42  
15 43  
15 44  
15 45  
15 46  
15 48  
15 51  
15 53  
15 57  
15 59  
15 60  
15 61  
15 63  
15 65  
15 66  
15 67  
15 68  
15 69  
15 70  
15 72  
15 74  
15 75  

16 19  
16 25  
16 35  
16 37  
16 43  
16 45  
16 48  
16 50  
16 53  
16 57  
16 61  
16 63  
16 75  
16 76  

17 20  
17 21  
17 22  
17 23  
17 24  
17 26  
17 27  
17 28  
17 29  
17 30  
17 31  
17 34  
17 35  
17 37  
17 39  
17 46  
17 48  
17 50  
17 51  
17 53  
17 56  
17 58  
17 60  
17 61  
17 62  
17 63  
17 64  
17 66  
17 77  
17 78  

18 24  
18 26  
18 30  
18 31  
18 37  
18 39  
18 40  
18 48  
18 51  
18 54  
18 58  
18 60  
18 64  
18 66  
18 68  
18 71  
18 72  
18 73  
18 74  
18 75  
18 76  
18 78  

19 22  
19 28  
19 29  
19 30  
19 31  
19 34  
19 36  
19 38  
19 39  
19 40  
19 41  
19 43  
19 45  
19 48  
19 54  
19 55  
19 56  
19 58  
19 60  
19 62  
19 78  

20 22  
20 23  
20 24  
20 25  
20 26  
20 27  
20 28  
20 30  
20 31  
20 35  
20 36  
20 37  
20 38  
20 40  
20 42  
20 43  
20 45  
20 46  
20 47  
20 55  
20 57  
20 58  
20 59  
20 60  
20 62  
20 63  
20 64  
20 65  
20 66  
20 67  
20 68  
20 69  
20 70  
20 71  
20 72  
20 73  
20 74  
20 75  
20 76  
20 77  

